0 0.656250 0.622656 0.334375 0.367188
0 0.314844 0.632031 0.385937 0.595313
0 0.053125 0.802344 0.103125 0.395313
0 0.901563 0.503906 0.196875 0.257812
0 0.690625 0.342969 0.243750 0.204687
0 0.870313 0.234375 0.178125 0.300000
0 0.753906 0.133594 0.135937 0.226562
0 0.625781 0.201563 0.126562 0.137500
0 0.489844 0.221094 0.160938 0.139063
0 0.455469 0.400781 0.201563 0.207813
0 0.314844 0.265625 0.204687 0.162500
0 0.107813 0.245312 0.212500 0.312500
0 0.060937 0.424219 0.118750 0.426563
